<svg xmlns="http://www.w3.org/2000/svg" width="250" height="250" viewBox="-103.4 -103.4 206.8 206.8" fill="none" stroke="var(--accent-color)" stroke-width="2" class="gear-large">
    <circle cx="0" cy="0" r="14.1" stroke-width="2"/>
    <circle cx="0" cy="0" r="65.8" stroke-dasharray="8 8" opacity="0.3"/>
    <path d="M 89 0 A 89 89 0 0 1 88.98 1.78 L 97.89 4.58 A 98 98 0 0 1 97.63 8.51 L 88.43 10.09 A 89 89 0 0 1 88.21 11.86 A 89 89 0 0 1 87.95 13.63 L 96.41 17.59 A 98 98 0 0 1 95.63 21.44 L 86.29 21.79 A 89 89 0 0 1 85.84 23.51 A 89 89 0 0 1 85.35 25.23 L 93.2 30.28 A 98 98 0 0 1 91.91 34 L 82.62 33.09 A 89 89 0 0 1 81.94 34.74 A 89 89 0 0 1 81.22 36.38 L 88.34 42.44 A 98 98 0 0 1 86.56 45.94 L 77.47 43.81 A 89 89 0 0 1 76.58 45.36 A 89 89 0 0 1 75.65 46.88 L 81.89 53.83 A 98 98 0 0 1 79.67 57.07 L 70.94 53.75 A 89 89 0 0 1 69.85 55.16 A 89 89 0 0 1 68.73 56.55 L 73.99 64.27 A 98 98 0 0 1 71.35 67.18 L 63.14 62.72 A 89 89 0 0 1 61.87 63.98 A 89 89 0 0 1 60.58 65.2 L 64.76 73.55 A 98 98 0 0 1 61.76 76.09 L 54.22 70.58 A 89 89 0 0 1 52.79 71.65 A 89 89 0 0 1 51.35 72.7 L 54.38 81.53 A 98 98 0 0 1 51.07 83.64 L 44.33 77.18 A 89 89 0 0 1 42.77 78.05 A 89 89 0 0 1 41.2 78.89 L 43.03 88.05 A 98 98 0 0 1 39.46 89.7 L 33.65 82.39 A 89 89 0 0 1 31.99 83.05 A 89 89 0 0 1 30.32 83.68 L 30.91 93 A 98 98 0 0 1 27.15 94.16 L 22.36 86.14 A 89 89 0 0 1 20.63 86.58 A 89 89 0 0 1 18.89 86.97 L 18.23 96.29 A 98 98 0 0 1 14.36 96.94 L 10.68 88.36 A 89 89 0 0 1 8.91 88.55 A 89 89 0 0 1 7.13 88.71 L 5.24 97.86 A 98 98 0 0 1 1.31 97.99 L -1.19 88.99 A 89 89 0 0 1 -2.97 88.95 A 89 89 0 0 1 -4.76 88.87 L -7.85 97.68 A 98 98 0 0 1 -11.76 97.29 L -13.04 88.04 A 89 89 0 0 1 -14.8 87.76 A 89 89 0 0 1 -16.56 87.45 L -20.8 95.77 A 98 98 0 0 1 -24.63 94.86 L -24.66 85.52 A 89 89 0 0 1 -26.37 85 A 89 89 0 0 1 -28.07 84.46 L -33.38 92.14 A 98 98 0 0 1 -37.05 90.73 L -35.84 81.47 A 89 89 0 0 1 -37.46 80.73 A 89 89 0 0 1 -39.07 79.96 L -45.36 86.87 A 98 98 0 0 1 -48.81 84.98 L -46.38 75.96 A 89 89 0 0 1 -47.89 75.02 A 89 89 0 0 1 -49.38 74.04 L -56.54 80.05 A 98 98 0 0 1 -59.7 77.72 L -56.09 69.1 A 89 89 0 0 1 -57.46 67.97 A 89 89 0 0 1 -58.81 66.8 L -66.7 71.8 A 98 98 0 0 1 -69.53 69.06 L -64.8 61.01 A 89 89 0 0 1 -66.01 59.7 A 89 89 0 0 1 -67.19 58.36 L -75.68 62.27 A 98 98 0 0 1 -78.11 59.18 L -72.35 51.83 A 89 89 0 0 1 -73.38 50.37 A 89 89 0 0 1 -74.37 48.89 L -83.3 51.62 A 98 98 0 0 1 -85.3 48.24 L -78.61 41.72 A 89 89 0 0 1 -79.43 40.14 A 89 89 0 0 1 -80.22 38.54 L -89.44 40.06 A 98 98 0 0 1 -90.97 36.44 L -83.47 30.87 A 89 89 0 0 1 -84.08 29.19 A 89 89 0 0 1 -84.64 27.5 L -93.98 27.78 A 98 98 0 0 1 -95.02 23.99 L -86.84 19.47 A 89 89 0 0 1 -87.22 17.73 A 89 89 0 0 1 -87.55 15.98 L -96.84 15.01 A 98 98 0 0 1 -97.37 11.11 L -88.66 7.72 A 89 89 0 0 1 -88.8 5.94 A 89 89 0 0 1 -88.9 4.16 L -97.98 1.97 A 98 98 0 0 1 -97.98 -1.97 L -88.9 -4.16 A 89 89 0 0 1 -88.8 -5.94 A 89 89 0 0 1 -88.66 -7.72 L -97.37 -11.11 A 98 98 0 0 1 -96.84 -15.01 L -87.55 -15.98 A 89 89 0 0 1 -87.22 -17.73 A 89 89 0 0 1 -86.84 -19.47 L -95.02 -23.99 A 98 98 0 0 1 -93.98 -27.78 L -84.64 -27.5 A 89 89 0 0 1 -84.08 -29.19 A 89 89 0 0 1 -83.47 -30.87 L -90.97 -36.44 A 98 98 0 0 1 -89.44 -40.06 L -80.22 -38.54 A 89 89 0 0 1 -79.43 -40.14 A 89 89 0 0 1 -78.61 -41.72 L -85.3 -48.24 A 98 98 0 0 1 -83.3 -51.62 L -74.37 -48.89 A 89 89 0 0 1 -73.38 -50.37 A 89 89 0 0 1 -72.35 -51.83 L -78.11 -59.18 A 98 98 0 0 1 -75.68 -62.27 L -67.19 -58.36 A 89 89 0 0 1 -66.01 -59.7 A 89 89 0 0 1 -64.8 -61.01 L -69.53 -69.06 A 98 98 0 0 1 -66.7 -71.8 L -58.81 -66.8 A 89 89 0 0 1 -57.46 -67.97 A 89 89 0 0 1 -56.09 -69.1 L -59.7 -77.72 A 98 98 0 0 1 -56.54 -80.05 L -49.38 -74.04 A 89 89 0 0 1 -47.89 -75.02 A 89 89 0 0 1 -46.38 -75.96 L -48.81 -84.98 A 98 98 0 0 1 -45.36 -86.87 L -39.07 -79.96 A 89 89 0 0 1 -37.46 -80.73 A 89 89 0 0 1 -35.84 -81.47 L -37.05 -90.73 A 98 98 0 0 1 -33.38 -92.14 L -28.07 -84.46 A 89 89 0 0 1 -26.37 -85 A 89 89 0 0 1 -24.66 -85.52 L -24.63 -94.86 A 98 98 0 0 1 -20.8 -95.77 L -16.56 -87.45 A 89 89 0 0 1 -14.8 -87.76 A 89 89 0 0 1 -13.04 -88.04 L -11.76 -97.29 A 98 98 0 0 1 -7.85 -97.68 L -4.76 -88.87 A 89 89 0 0 1 -2.97 -88.95 A 89 89 0 0 1 -1.19 -88.99 L 1.31 -97.99 A 98 98 0 0 1 5.24 -97.86 L 7.13 -88.71 A 89 89 0 0 1 8.91 -88.55 A 89 89 0 0 1 10.68 -88.36 L 14.36 -96.94 A 98 98 0 0 1 18.23 -96.29 L 18.89 -86.97 A 89 89 0 0 1 20.63 -86.58 A 89 89 0 0 1 22.36 -86.14 L 27.15 -94.16 A 98 98 0 0 1 30.91 -93 L 30.32 -83.68 A 89 89 0 0 1 31.99 -83.05 A 89 89 0 0 1 33.65 -82.39 L 39.46 -89.7 A 98 98 0 0 1 43.03 -88.05 L 41.2 -78.89 A 89 89 0 0 1 42.77 -78.05 A 89 89 0 0 1 44.33 -77.18 L 51.07 -83.64 A 98 98 0 0 1 54.38 -81.53 L 51.35 -72.7 A 89 89 0 0 1 52.79 -71.65 A 89 89 0 0 1 54.22 -70.58 L 61.76 -76.09 A 98 98 0 0 1 64.76 -73.55 L 60.58 -65.2 A 89 89 0 0 1 61.87 -63.98 A 89 89 0 0 1 63.14 -62.72 L 71.35 -67.18 A 98 98 0 0 1 73.99 -64.27 L 68.73 -56.55 A 89 89 0 0 1 69.85 -55.16 A 89 89 0 0 1 70.94 -53.75 L 79.67 -57.07 A 98 98 0 0 1 81.89 -53.83 L 75.65 -46.88 A 89 89 0 0 1 76.58 -45.36 A 89 89 0 0 1 77.47 -43.81 L 86.56 -45.94 A 98 98 0 0 1 88.34 -42.44 L 81.22 -36.38 A 89 89 0 0 1 81.94 -34.74 A 89 89 0 0 1 82.62 -33.09 L 91.91 -34 A 98 98 0 0 1 93.2 -30.28 L 85.35 -25.23 A 89 89 0 0 1 85.84 -23.51 A 89 89 0 0 1 86.29 -21.79 L 95.63 -21.44 A 98 98 0 0 1 96.41 -17.59 L 87.95 -13.63 A 89 89 0 0 1 88.21 -11.86 A 89 89 0 0 1 88.43 -10.09 L 97.63 -8.51 A 98 98 0 0 1 97.89 -4.58 L 88.98 -1.78 A 89 89 0 0 1 89 0 Z" />
</svg>

<svg xmlns="http://www.w3.org/2000/svg" width="90" height="90" viewBox="-37.4 -37.4 74.8 74.8" fill="none" stroke="var(--text-secondary)" stroke-width="2" class="gear-small">
    <circle cx="0" cy="0" r="6.8" stroke-width="2"/>
    <path d="M 29 0 A 29 29 0 0 1 28.96 1.61 L 37.68 4.9 A 38 38 0 0 1 36.91 9.04 L 27.58 8.96 A 29 29 0 0 1 27.04 10.48 A 29 29 0 0 1 26.42 11.96 L 33.37 18.18 A 38 38 0 0 1 31.15 21.76 L 22.48 18.32 A 29 29 0 0 1 21.43 19.54 A 29 29 0 0 1 20.32 20.69 L 24.55 29.01 A 38 38 0 0 1 21.18 31.55 L 14.35 25.2 A 29 29 0 0 1 12.93 25.96 A 29 29 0 0 1 11.47 26.64 L 12.41 35.92 A 38 38 0 0 1 8.36 37.07 L 4.27 28.68 A 29 29 0 0 1 2.68 28.88 A 29 29 0 0 1 1.07 28.98 L -1.4 37.97 A 38 38 0 0 1 -5.6 37.59 L -6.38 28.29 A 29 29 0 0 1 -7.94 27.89 A 29 29 0 0 1 -9.47 27.41 L -15.03 34.9 A 38 38 0 0 1 -18.8 33.03 L -16.17 24.08 A 29 29 0 0 1 -17.48 23.14 A 29 29 0 0 1 -18.73 22.14 L -26.62 27.12 A 38 38 0 0 1 -29.46 24.01 L -23.77 16.61 A 29 29 0 0 1 -24.66 15.27 A 29 29 0 0 1 -25.46 13.88 L -34.62 15.67 A 38 38 0 0 1 -36.14 11.74 L -28.17 6.9 A 29 29 0 0 1 -28.51 5.33 A 29 29 0 0 1 -28.76 3.74 L -37.94 2.11 A 38 38 0 0 1 -37.94 -2.11 L -28.76 -3.74 A 29 29 0 0 1 -28.51 -5.33 A 29 29 0 0 1 -28.17 -6.9 L -36.14 -11.74 A 38 38 0 0 1 -34.62 -15.67 L -25.46 -13.88 A 29 29 0 0 1 -24.66 -15.27 A 29 29 0 0 1 -23.77 -16.61 L -29.46 -24.01 A 38 38 0 0 1 -26.62 -27.12 L -18.73 -22.14 A 29 29 0 0 1 -17.48 -23.14 A 29 29 0 0 1 -16.17 -24.08 L -18.8 -33.03 A 38 38 0 0 1 -15.03 -34.9 L -9.47 -27.41 A 29 29 0 0 1 -7.94 -27.89 A 29 29 0 0 1 -6.38 -28.29 L -5.6 -37.59 A 38 38 0 0 1 -1.4 -37.97 L 1.07 -28.98 A 29 29 0 0 1 2.68 -28.88 A 29 29 0 0 1 4.27 -28.68 L 8.36 -37.07 A 38 38 0 0 1 12.41 -35.92 L 11.47 -26.64 A 29 29 0 0 1 12.93 -25.96 A 29 29 0 0 1 14.35 -25.2 L 21.18 -31.55 A 38 38 0 0 1 24.55 -29.01 L 20.32 -20.69 A 29 29 0 0 1 21.43 -19.54 A 29 29 0 0 1 22.48 -18.32 L 31.15 -21.76 A 38 38 0 0 1 33.37 -18.18 L 26.42 -11.96 A 29 29 0 0 1 27.04 -10.48 A 29 29 0 0 1 27.58 -8.96 L 36.91 -9.04 A 38 38 0 0 1 37.68 -4.9 L 28.96 -1.61 A 29 29 0 0 1 29 0 Z" />
</svg>
